int colors_matrix[][] = {
{8, 8, 8, 8, 8, 8, 8, 8, 8, 8, 8, 8, 8, 8, 8, 8, 8, 8, 8, 8, 8, 8, 8, 8, 8, 8, 8, 8, 8, 8, 8, 8},
{8, 8, 8, 8, 0, 0, 0, 0, 0, 8, 8, 8, 8, 8, 8, 0, 0, 0, 0, 0, 8, 8, 8, 8, 8, 8, 8, 8, 8, 8, 8, 8},
{8, 8, 8, 0, 9, 9, 9, 9, 9, 0, 8, 8, 8, 8, 0, 9, 9, 9, 9, 9, 0, 8, 8, 8, 8, 8, 8, 8, 8, 8, 8, 8},
{8, 8, 0, 9, 9, 9, 9, 9, 9, 9, 0, 8, 8, 0, 9, 9, 9, 9, 9, 9, 9, 0, 8, 8, 8, 8, 8, 8, 8, 8, 8, 8},
{8, 0, 9, 9, 1, 1, 1, 9, 9, 9, 9, 0, 0, 9, 9, 9, 9, 9, 9, 9, 9, 9, 0, 8, 8, 8, 8, 8, 8, 8, 8, 8},
{8, 0, 9, 9, 1, 10, 1, 9, 9, 9, 9, 9, 9, 9, 9, 9, 9, 9, 9, 9, 9, 9, 0, 8, 8, 8, 8, 8, 8, 8, 8, 8},
{8, 0, 9, 9, 1, 1, 1, 9, 9, 9, 9, 9, 9, 9, 9, 9, 9, 9, 9, 9, 9, 9, 0, 8, 8, 8, 8, 8, 8, 8, 8, 8},
{8, 0, 9, 9, 9, 9, 9, 9, 9, 9, 9, 9, 9, 9, 9, 9, 9, 9, 9, 9, 9, 9, 0, 8, 8, 8, 8, 8, 8, 8, 8, 8},
{8, 0, 9, 9, 1, 1, 1, 9, 9, 9, 9, 9, 9, 9, 9, 9, 9, 9, 9, 9, 9, 9, 0, 8, 8, 8, 8, 8, 8, 8, 8, 8},
{8, 0, 9, 9, 1, 10, 1, 9, 9, 9, 9, 9, 9, 9, 9, 9, 9, 9, 9, 9, 9, 9, 0, 8, 8, 8, 8, 8, 8, 8, 8, 8},
{8, 8, 9, 9, 1, 1, 1, 9, 9, 9, 9, 9, 9, 9, 9, 9, 9, 9, 9, 9, 9, 0, 8, 8, 8, 8, 8, 8, 8, 8, 8, 8},
{8, 8, 0, 9, 9, 9, 9, 9, 9, 9, 9, 9, 9, 9, 9, 9, 9, 9, 9, 9, 9, 0, 8, 8, 8, 8, 8, 8, 8, 8, 8, 8},
{8, 8, 8, 0, 9, 9, 9, 9, 9, 9, 9, 9, 9, 9, 9, 9, 9, 9, 9, 9, 0, 8, 8, 8, 8, 8, 8, 8, 8, 8, 8, 8},
{8, 8, 8, 8, 0, 9, 9, 9, 9, 9, 9, 9, 9, 9, 9, 9, 9, 9, 9, 0, 8, 8, 8, 8, 8, 8, 8, 8, 8, 8, 8, 8},
{8, 8, 8, 8, 8, 0, 9, 9, 9, 9, 9, 9, 9, 9, 9, 9, 9, 9, 0, 8, 8, 8, 8, 8, 8, 8, 8, 8, 8, 8, 8, 8},
{8, 8, 8, 8, 8, 8, 0, 9, 9, 9, 9, 9, 9, 9, 9, 9, 9, 0, 8, 8, 8, 8, 8, 8, 8, 8, 8, 8, 8, 8, 8, 8},
{8, 8, 8, 8, 8, 8, 8, 0, 9, 9, 9, 9, 9, 9, 9, 9, 0, 8, 8, 8, 8, 8, 8, 8, 8, 8, 8, 8, 8, 8, 8, 8},
{8, 8, 8, 8, 8, 8, 8, 8, 0, 9, 9, 9, 9, 9, 9, 0, 8, 8, 8, 8, 8, 8, 8, 8, 8, 8, 8, 8, 8, 8, 8, 8},
{8, 8, 8, 8, 8, 8, 8, 8, 8, 0, 9, 9, 9, 9, 0, 8, 8, 8, 8, 8, 8, 8, 8, 8, 8, 8, 8, 8, 8, 8, 8, 8},
{8, 8, 8, 8, 8, 8, 8, 8, 8, 8, 0, 9, 9, 0, 8, 8, 8, 8, 8, 8, 8, 8, 8, 8, 8, 8, 8, 8, 8, 8, 8, 8},
{8, 8, 8, 8, 8, 8, 8, 8, 8, 8, 8, 0, 0, 8, 8, 8, 8, 8, 8, 8, 8, 8, 8, 8, 8, 8, 8, 8, 8, 8, 8, 8},
{8, 8, 8, 8, 8, 8, 8, 8, 8, 8, 8, 8, 8, 8, 8, 8, 8, 8, 8, 8, 8, 8, 8, 8, 8, 8, 8, 8, 8, 8, 8, 8},
{8, 8, 8, 8, 8, 8, 8, 8, 8, 8, 8, 8, 8, 8, 8, 8, 8, 8, 8, 8, 8, 8, 8, 8, 8, 8, 8, 8, 8, 8, 8, 8},
{8, 8, 8, 8, 8, 8, 8, 8, 8, 8, 8, 8, 8, 8, 8, 8, 8, 8, 8, 8, 8, 8, 8, 8, 8, 8, 8, 8, 8, 8, 8, 8},
{8, 8, 8, 8, 8, 8, 8, 8, 8, 8, 8, 8, 8, 8, 8, 8, 8, 8, 8, 8, 8, 8, 8, 8, 8, 8, 8, 8, 8, 8, 8, 8},
{8, 8, 8, 8, 8, 8, 8, 8, 8, 8, 8, 8, 8, 8, 8, 8, 8, 8, 8, 8, 8, 8, 8, 8, 8, 8, 8, 8, 8, 8, 8, 8},
{8, 8, 8, 8, 8, 8, 8, 8, 8, 8, 8, 8, 8, 8, 8, 8, 8, 8, 8, 8, 8, 8, 8, 8, 8, 8, 8, 8, 8, 8, 8, 8},
{8, 8, 8, 8, 8, 8, 8, 8, 8, 8, 8, 8, 8, 8, 8, 8, 8, 8, 8, 8, 8, 8, 8, 8, 8, 8, 8, 8, 8, 8, 8, 8},
{8, 8, 8, 8, 8, 8, 8, 8, 8, 8, 8, 8, 8, 8, 8, 8, 8, 8, 8, 8, 8, 8, 8, 8, 8, 8, 8, 8, 8, 8, 8, 8},
{8, 8, 8, 8, 8, 8, 8, 8, 8, 8, 8, 8, 8, 8, 8, 8, 8, 8, 8, 8, 8, 8, 8, 8, 8, 8, 8, 8, 8, 8, 8, 8},
{8, 8, 8, 8, 8, 8, 8, 8, 8, 8, 8, 8, 8, 8, 8, 8, 8, 8, 8, 8, 8, 8, 8, 8, 8, 8, 8, 8, 8, 8, 8, 8},
{8, 8, 8, 8, 8, 8, 8, 8, 8, 8, 8, 8, 8, 8, 8, 8, 8, 8, 8, 8, 8, 8, 8, 8, 8, 8, 8, 8, 8, 8, 8, 8}
};