int colors_matrix[][] = {
{8, 8, 8, 8, 8, 8, 8, 8, 8, 8, 8, 8, 8, 8, 8, 8, 8, 8, 8, 8, 8, 8, 8, 8, 8, 8, 8, 8, 8, 8, 8, 8},
{8, 8, 8, 8, 0, 0, 0, 0, 0, 8, 8, 8, 8, 8, 8, 0, 0, 0, 0, 0, 8, 8, 8, 8, 8, 8, 8, 8, 8, 8, 8, 8},
{8, 8, 8, 0, 6, 6, 6, 6, 6, 0, 8, 8, 8, 8, 0, 6, 6, 6, 6, 6, 0, 8, 8, 8, 8, 8, 8, 8, 8, 8, 8, 8},
{8, 8, 0, 6, 6, 6, 6, 6, 6, 6, 0, 8, 8, 0, 6, 6, 6, 6, 6, 6, 6, 0, 8, 8, 8, 8, 8, 8, 8, 8, 8, 8},
{8, 0, 6, 6, 1, 1, 1, 6, 6, 6, 6, 0, 0, 6, 6, 6, 6, 6, 6, 6, 6, 6, 0, 8, 8, 8, 8, 8, 8, 8, 8, 8},
{8, 0, 6, 6, 1, 6, 1, 6, 6, 6, 6, 6, 6, 6, 6, 6, 6, 6, 6, 6, 6, 6, 0, 8, 8, 8, 8, 8, 8, 8, 8, 8},
{8, 0, 6, 6, 1, 1, 1, 6, 6, 6, 6, 6, 6, 6, 6, 6, 6, 6, 6, 6, 6, 6, 0, 8, 8, 8, 8, 8, 8, 8, 8, 8},
{8, 0, 6, 6, 6, 6, 6, 6, 6, 6, 6, 6, 6, 6, 6, 6, 6, 6, 6, 6, 6, 6, 0, 8, 8, 8, 8, 8, 8, 8, 8, 8},
{8, 0, 6, 6, 1, 1, 1, 6, 6, 6, 6, 6, 6, 6, 6, 6, 6, 6, 6, 6, 6, 6, 0, 8, 8, 8, 8, 8, 8, 8, 8, 8},
{8, 0, 6, 6, 1, 6, 1, 6, 6, 6, 6, 6, 6, 6, 6, 6, 6, 6, 6, 6, 6, 6, 0, 8, 8, 8, 8, 8, 8, 8, 8, 8},
{8, 8, 0, 6, 1, 1, 1, 6, 6, 6, 6, 6, 6, 6, 6, 6, 6, 6, 6, 6, 6, 0, 8, 8, 8, 8, 8, 8, 8, 8, 8, 8},
{8, 8, 0, 6, 6, 6, 6, 6, 6, 6, 6, 6, 6, 6, 6, 6, 6, 6, 6, 6, 6, 0, 8, 8, 8, 8, 8, 8, 8, 8, 8, 8},
{8, 8, 8, 0, 6, 6, 6, 6, 6, 6, 6, 6, 6, 6, 6, 6, 6, 6, 6, 6, 0, 8, 8, 8, 8, 8, 8, 8, 8, 8, 8, 8},
{8, 8, 8, 8, 0, 6, 6, 6, 6, 6, 6, 6, 6, 6, 6, 6, 6, 6, 6, 0, 8, 8, 8, 8, 8, 8, 8, 8, 8, 8, 8, 8},
{8, 8, 8, 8, 8, 0, 6, 6, 6, 6, 6, 6, 6, 6, 6, 6, 6, 6, 0, 8, 8, 8, 8, 8, 8, 8, 8, 8, 8, 8, 8, 8},
{8, 8, 8, 8, 8, 8, 0, 6, 6, 6, 6, 6, 6, 6, 6, 6, 6, 0, 8, 8, 8, 8, 8, 8, 8, 8, 8, 8, 8, 8, 8, 8},
{8, 8, 8, 8, 8, 8, 8, 0, 6, 6, 6, 6, 6, 6, 6, 6, 0, 8, 8, 8, 8, 8, 8, 8, 8, 8, 8, 8, 8, 8, 8, 8},
{8, 8, 8, 8, 8, 8, 8, 8, 0, 6, 6, 6, 6, 6, 6, 0, 8, 8, 8, 8, 8, 8, 8, 8, 8, 8, 8, 8, 8, 8, 8, 8},
{8, 8, 8, 8, 8, 8, 8, 8, 8, 0, 6, 6, 6, 6, 0, 8, 8, 8, 8, 8, 8, 8, 8, 8, 8, 8, 8, 8, 8, 8, 8, 8},
{8, 8, 8, 8, 8, 8, 8, 8, 8, 8, 0, 6, 6, 0, 8, 8, 8, 8, 8, 8, 8, 8, 8, 8, 8, 8, 8, 8, 8, 8, 8, 8},
{8, 8, 8, 8, 8, 8, 8, 8, 8, 8, 8, 0, 0, 8, 8, 8, 8, 8, 8, 8, 8, 8, 8, 8, 8, 8, 8, 8, 8, 8, 8, 8},
{8, 8, 8, 8, 8, 8, 8, 8, 8, 8, 8, 8, 8, 8, 8, 8, 8, 8, 8, 8, 8, 8, 8, 8, 8, 8, 8, 8, 8, 8, 8, 8},
{8, 8, 8, 8, 8, 8, 8, 8, 8, 8, 8, 8, 8, 8, 8, 8, 8, 8, 8, 8, 8, 8, 8, 8, 8, 8, 8, 8, 8, 8, 8, 8},
{8, 8, 8, 8, 8, 8, 8, 8, 8, 8, 8, 8, 8, 8, 8, 8, 8, 8, 8, 8, 8, 8, 8, 8, 8, 8, 8, 8, 8, 8, 8, 8},
{8, 8, 8, 8, 8, 8, 8, 8, 8, 8, 8, 8, 8, 8, 8, 8, 8, 8, 8, 8, 8, 8, 8, 8, 8, 8, 8, 8, 8, 8, 8, 8},
{8, 8, 8, 8, 8, 8, 8, 8, 8, 8, 8, 8, 8, 8, 8, 8, 8, 8, 8, 8, 8, 8, 8, 8, 8, 8, 8, 8, 8, 8, 8, 8},
{8, 8, 8, 8, 8, 8, 8, 8, 8, 8, 8, 8, 8, 8, 8, 8, 8, 8, 8, 8, 8, 8, 8, 8, 8, 8, 8, 8, 8, 8, 8, 8},
{8, 8, 8, 8, 8, 8, 8, 8, 8, 8, 8, 8, 8, 8, 8, 8, 8, 8, 8, 8, 8, 8, 8, 8, 8, 8, 8, 8, 8, 8, 8, 8},
{8, 8, 8, 8, 8, 8, 8, 8, 8, 8, 8, 8, 8, 8, 8, 8, 8, 8, 8, 8, 8, 8, 8, 8, 8, 8, 8, 8, 8, 8, 8, 8},
{8, 8, 8, 8, 8, 8, 8, 8, 8, 8, 8, 8, 8, 8, 8, 8, 8, 8, 8, 8, 8, 8, 8, 8, 8, 8, 8, 8, 8, 8, 8, 8},
{8, 8, 8, 8, 8, 8, 8, 8, 8, 8, 8, 8, 8, 8, 8, 8, 8, 8, 8, 8, 8, 8, 8, 8, 8, 8, 8, 8, 8, 8, 8, 8},
{8, 8, 8, 8, 8, 8, 8, 8, 8, 8, 8, 8, 8, 8, 8, 8, 8, 8, 8, 8, 8, 8, 8, 8, 8, 8, 8, 8, 8, 8, 8, 8}
};