int colors_matrix[][] = {
{8, 8, 8, 8, 8, 8, 8, 8, 8, 8, 8, 8, 8, 8, 8, 0, 0, 0, 0, 0, 8, 8, 8, 8, 8, 8, 8, 8, 8, 8, 8, 8},
{8, 8, 8, 8, 8, 8, 8, 8, 8, 8, 8, 8, 8, 8, 0, 7, 7, 5, 7, 7, 0, 0, 8, 8, 8, 8, 8, 8, 8, 8, 8, 8},
{8, 8, 8, 8, 8, 8, 8, 8, 8, 8, 8, 8, 8, 8, 0, 7, 5, 6, 0, 6, 5, 6, 0, 8, 8, 8, 8, 8, 8, 8, 8, 8},
{8, 8, 8, 8, 8, 8, 8, 8, 8, 8, 8, 8, 8, 0, 7, 5, 6, 0, 1, 0, 6, 6, 6, 0, 8, 8, 8, 8, 8, 8, 8, 8},
{8, 8, 8, 8, 8, 8, 8, 8, 8, 8, 8, 8, 8, 0, 0, 5, 0, 1, 1, 0, 5, 5, 5, 6, 0, 8, 8, 8, 8, 8, 8, 8},
{8, 8, 8, 8, 8, 8, 8, 8, 8, 8, 8, 8, 8, 0, 1, 0, 1, 1, 1, 0, 6, 6, 6, 6, 0, 8, 8, 8, 8, 8, 8, 8},
{8, 8, 8, 8, 8, 8, 8, 8, 8, 8, 8, 8, 0, 7, 5, 0, 1, 1, 1, 0, 5, 5, 5, 5, 0, 8, 8, 8, 8, 8, 8, 8},
{8, 8, 8, 8, 8, 8, 8, 8, 8, 8, 8, 8, 0, 5, 7, 6, 0, 1, 1, 0, 5, 6, 6, 6, 0, 8, 8, 8, 8, 8, 8, 8},
{8, 8, 8, 8, 8, 8, 8, 8, 8, 8, 8, 8, 0, 6, 6, 6, 6, 0, 0, 6, 6, 5, 6, 6, 0, 8, 8, 8, 8, 8, 8, 8},
{8, 8, 8, 8, 8, 8, 8, 8, 8, 8, 8, 8, 8, 0, 0, 0, 6, 5, 6, 5, 6, 6, 5, 0, 8, 8, 8, 8, 8, 8, 8, 8},
{8, 8, 8, 8, 8, 8, 8, 8, 8, 8, 8, 8, 8, 0, 5, 6, 5, 5, 6, 6, 5, 6, 0, 0, 0, 8, 8, 8, 8, 8, 8, 8},
{8, 8, 8, 8, 8, 8, 8, 8, 8, 8, 8, 8, 0, 5, 0, 7, 6, 5, 6, 6, 6, 0, 7, 7, 5, 0, 8, 8, 8, 8, 8, 8},
{8, 8, 8, 8, 8, 8, 8, 8, 8, 8, 8, 0, 7, 5, 6, 0, 0, 0, 0, 6, 6, 6, 5, 6, 5, 6, 0, 8, 8, 8, 8, 8},
{8, 8, 8, 8, 8, 8, 8, 8, 8, 8, 0, 5, 3, 3, 0, 0, 0, 0, 6, 5, 5, 6, 7, 5, 6, 5, 6, 0, 0, 0, 8, 8},
{8, 8, 8, 8, 8, 8, 8, 8, 8, 0, 7, 7, 5, 0, 0, 0, 0, 7, 5, 6, 5, 6, 0, 7, 3, 3, 6, 7, 5, 6, 0, 8},
{8, 8, 8, 8, 8, 8, 8, 8, 8, 0, 7, 5, 6, 0, 5, 0, 0, 0, 6, 4, 4, 4, 2, 0, 2, 3, 7, 5, 6, 5, 5, 0},
{8, 8, 8, 8, 8, 8, 8, 8, 8, 0, 5, 6, 6, 0, 0, 7, 0, 6, 6, 4, 3, 3, 3, 2, 0, 7, 5, 7, 5, 6, 6, 0},
{8, 8, 8, 8, 8, 8, 8, 8, 8, 8, 0, 0, 0, 0, 7, 6, 5, 0, 5, 6, 3, 2, 2, 2, 0, 0, 5, 7, 6, 5, 5, 0},
{8, 8, 8, 8, 8, 8, 8, 8, 8, 8, 8, 8, 8, 0, 2, 3, 5, 6, 6, 5, 6, 5, 6, 0, 8, 0, 6, 5, 0, 6, 6, 0},
{8, 8, 8, 8, 8, 8, 8, 8, 8, 8, 8, 8, 0, 2, 2, 3, 3, 6, 6, 5, 6, 3, 2, 0, 8, 8, 0, 0, 8, 0, 0, 8},
{8, 8, 8, 8, 8, 8, 8, 8, 8, 8, 8, 0, 3, 4, 4, 3, 2, 2, 2, 3, 3, 3, 3, 3, 0, 8, 8, 8, 8, 8, 8, 8},
{8, 8, 8, 8, 8, 8, 8, 8, 8, 8, 8, 0, 3, 4, 3, 3, 0, 0, 0, 0, 2, 3, 4, 4, 4, 0, 0, 8, 8, 8, 8, 8},
{8, 8, 8, 8, 8, 8, 8, 8, 8, 8, 8, 0, 2, 3, 3, 0, 8, 8, 8, 8, 0, 2, 3, 4, 4, 3, 0, 0, 8, 8, 8, 8},
{8, 8, 8, 8, 8, 8, 8, 8, 8, 8, 0, 7, 5, 5, 3, 2, 0, 8, 8, 8, 8, 0, 2, 3, 2, 7, 5, 6, 0, 8, 8, 8},
{8, 8, 8, 8, 8, 8, 8, 8, 8, 0, 7, 5, 6, 5, 6, 6, 0, 8, 8, 8, 8, 8, 0, 0, 7, 5, 7, 5, 6, 0, 8, 8},
{8, 8, 8, 8, 8, 8, 8, 8, 8, 0, 5, 6, 6, 5, 6, 6, 0, 8, 8, 8, 8, 8, 8, 0, 6, 5, 6, 5, 6, 0, 8, 8},
{8, 8, 8, 8, 8, 8, 8, 8, 8, 8, 0, 0, 0, 0, 0, 0, 8, 8, 8, 8, 8, 8, 8, 8, 0, 0, 0, 0, 0, 8, 8, 8},
{8, 8, 8, 8, 8, 8, 8, 8, 8, 8, 8, 8, 8, 8, 8, 8, 8, 8, 8, 8, 8, 8, 8, 8, 8, 8, 8, 8, 8, 8, 8, 8},
{8, 8, 8, 8, 8, 8, 8, 8, 8, 8, 8, 8, 8, 8, 8, 8, 8, 8, 8, 8, 8, 8, 8, 8, 8, 8, 8, 8, 8, 8, 8, 8},
{8, 8, 8, 8, 8, 8, 8, 8, 8, 8, 8, 8, 8, 8, 8, 8, 8, 8, 8, 8, 8, 8, 8, 8, 8, 8, 8, 8, 8, 8, 8, 8},
{8, 8, 8, 8, 8, 8, 8, 8, 8, 8, 8, 8, 8, 8, 8, 8, 8, 8, 8, 8, 8, 8, 8, 8, 8, 8, 8, 8, 8, 8, 8, 8},
{8, 8, 8, 8, 8, 8, 8, 8, 8, 8, 8, 8, 8, 8, 8, 8, 8, 8, 8, 8, 8, 8, 8, 8, 8, 8, 8, 8, 8, 8, 8, 8}
};