int colors_matrix[][] = {
{8, 8, 8, 8, 8, 8, 8, 8, 18, 18, 18, 18, 18, 18, 18, 18, 18, 18, 8, 8, 8, 8, 8, 8, 8, 8, 8, 8, 8, 8, 8, 8},
{8, 8, 8, 8, 8, 8, 8, 18, 18, 18, 18, 18, 18, 18, 18, 18, 18, 18, 18, 8, 8, 8, 8, 8, 8, 8, 8, 8, 8, 8, 8, 8},
{8, 8, 8, 8, 8, 8, 18, 18, 1, 1, 1, 1, 1, 1, 1, 1, 1, 1, 18, 18, 8, 8, 8, 8, 8, 8, 8, 8, 8, 8, 8, 8},
{8, 8, 8, 8, 8, 18, 18, 1, 1, 1, 1, 1, 1, 1, 1, 1, 1, 1, 1, 18, 18, 8, 8, 8, 8, 8, 8, 8, 8, 8, 8, 8},
{8, 8, 8, 8, 18, 18, 1, 1, 1, 1, 1, 1, 1, 1, 18, 18, 18, 18, 1, 1, 18, 18, 8, 8, 8, 8, 8, 8, 8, 8, 8, 8},
{8, 8, 8, 18, 18, 1, 1, 1, 1, 1, 1, 1, 18, 18, 18, 18, 18, 18, 1, 1, 1, 18, 18, 8, 8, 8, 8, 8, 8, 8, 8, 8},
{8, 8, 18, 18, 1, 1, 1, 1, 1, 1, 18, 18, 18, 18, 18, 18, 18, 18, 1, 1, 1, 1, 18, 18, 8, 8, 8, 8, 8, 8, 8, 8},
{8, 8, 18, 18, 1, 1, 1, 1, 1, 1, 18, 18, 18, 18, 18, 18, 18, 18, 1, 1, 1, 1, 18, 18, 8, 8, 8, 8, 8, 8, 8, 8},
{8, 8, 18, 18, 1, 1, 1, 1, 1, 18, 18, 18, 18, 18, 18, 18, 18, 18, 1, 1, 1, 1, 18, 18, 8, 8, 8, 8, 8, 8, 8, 8},
{8, 8, 18, 18, 1, 1, 1, 1, 18, 18, 18, 18, 18, 18, 18, 1, 1, 1, 1, 1, 1, 1, 18, 18, 8, 8, 8, 8, 8, 8, 8, 8},
{8, 8, 18, 18, 1, 1, 1, 1, 18, 18, 18, 18, 18, 18, 18, 1, 1, 1, 1, 1, 1, 1, 18, 18, 8, 8, 8, 8, 8, 8, 8, 8},
{8, 8, 18, 18, 1, 1, 18, 18, 18, 18, 18, 1, 1, 18, 18, 18, 18, 18, 1, 1, 1, 1, 18, 18, 8, 8, 8, 8, 8, 8, 8, 8},
{8, 8, 18, 18, 1, 1, 18, 18, 18, 1, 1, 1, 1, 18, 18, 18, 18, 18, 1, 1, 1, 1, 18, 18, 8, 8, 8, 8, 8, 8, 8, 8},
{8, 8, 18, 18, 1, 1, 18, 18, 18, 1, 1, 1, 1, 1, 1, 18, 18, 18, 1, 1, 1, 1, 18, 18, 8, 8, 8, 8, 8, 8, 8, 8},
{8, 8, 18, 18, 1, 1, 18, 18, 18, 18, 1, 1, 1, 1, 1, 18, 18, 18, 1, 1, 1, 1, 18, 18, 8, 8, 8, 8, 8, 8, 8, 8},
{8, 8, 18, 18, 1, 1, 1, 1, 18, 18, 1, 1, 1, 18, 18, 18, 18, 18, 1, 1, 1, 1, 18, 18, 8, 8, 8, 8, 8, 8, 8, 8},
{8, 8, 8, 18, 18, 1, 1, 1, 18, 18, 18, 18, 18, 18, 18, 18, 18, 18, 1, 1, 1, 18, 18, 8, 8, 8, 8, 8, 8, 8, 8, 8},
{8, 8, 8, 8, 18, 18, 1, 1, 18, 18, 18, 18, 18, 18, 1, 1, 1, 1, 1, 1, 18, 18, 8, 8, 8, 8, 8, 8, 8, 8, 8, 8},
{8, 8, 8, 8, 8, 18, 18, 1, 1, 1, 1, 1, 1, 1, 1, 1, 1, 1, 1, 18, 18, 8, 8, 8, 8, 8, 8, 8, 8, 8, 8, 8},
{8, 8, 8, 8, 8, 8, 18, 18, 1, 1, 1, 1, 1, 1, 1, 1, 1, 1, 18, 18, 8, 8, 8, 8, 8, 8, 8, 8, 8, 8, 8, 8},
{8, 8, 8, 8, 8, 8, 8, 18, 18, 18, 18, 18, 18, 18, 18, 18, 18, 18, 18, 8, 8, 8, 8, 8, 8, 8, 8, 8, 8, 8, 8, 8},
{8, 8, 8, 8, 8, 8, 8, 8, 18, 18, 18, 18, 18, 18, 18, 18, 18, 18, 8, 8, 8, 8, 8, 8, 8, 8, 8, 8, 8, 8, 8, 8},
{8, 8, 8, 8, 8, 8, 8, 8, 8, 8, 8, 8, 8, 8, 8, 8, 8, 8, 8, 8, 8, 8, 8, 8, 8, 8, 8, 8, 8, 8, 8, 8},
{8, 8, 8, 8, 8, 8, 8, 8, 8, 8, 8, 8, 8, 8, 8, 8, 8, 8, 8, 8, 8, 8, 8, 8, 8, 8, 8, 8, 8, 8, 8, 8},
{8, 8, 8, 8, 8, 8, 8, 8, 8, 8, 8, 8, 8, 8, 8, 8, 8, 8, 8, 8, 8, 8, 8, 8, 8, 8, 8, 8, 8, 8, 8, 8},
{8, 8, 8, 8, 8, 8, 8, 8, 8, 8, 8, 8, 8, 8, 8, 8, 8, 8, 8, 8, 8, 8, 8, 8, 8, 8, 8, 8, 8, 8, 8, 8},
{8, 8, 8, 8, 8, 8, 8, 8, 8, 8, 8, 8, 8, 8, 8, 8, 8, 8, 8, 8, 8, 8, 8, 8, 8, 8, 8, 8, 8, 8, 8, 8},
{8, 8, 8, 8, 8, 8, 8, 8, 8, 8, 8, 8, 8, 8, 8, 8, 8, 8, 8, 8, 8, 8, 8, 8, 8, 8, 8, 8, 8, 8, 8, 8},
{8, 8, 8, 8, 8, 8, 8, 8, 8, 8, 8, 8, 8, 8, 8, 8, 8, 8, 8, 8, 8, 8, 8, 8, 8, 8, 8, 8, 8, 8, 8, 8},
{8, 8, 8, 8, 8, 8, 8, 8, 8, 8, 8, 8, 8, 8, 8, 8, 8, 8, 8, 8, 8, 8, 8, 8, 8, 8, 8, 8, 8, 8, 8, 8},
{8, 8, 8, 8, 8, 8, 8, 8, 8, 8, 8, 8, 8, 8, 8, 8, 8, 8, 8, 8, 8, 8, 8, 8, 8, 8, 8, 8, 8, 8, 8, 8},
{8, 8, 8, 8, 8, 8, 8, 8, 8, 8, 8, 8, 8, 8, 8, 8, 8, 8, 8, 8, 8, 8, 8, 8, 8, 8, 8, 8, 8, 8, 8, 8}
};